,Author,Category,Likes,Comments,Neg,Neu,Pos,Compound
0,shmee150,Automotive,19080,49,0.027000000000000003,0.8009999999999999,0.172,0.9379
1,shmee150,Automotive,22143,100,0.0,0.934,0.066,0.6351
2,shmee150,Automotive,21606,130,0.04,0.772,0.188,0.8315
3,shmee150,Automotive,30069,113,0.0,0.846,0.154,0.7964
4,shmee150,Automotive,34073,140,0.0,0.978,0.022000000000000002,0.1386
5,shmee150,Automotive,22265,110,0.037000000000000005,0.963,0.0,-0.3595
6,shmee150,Automotive,22265,110,0.037000000000000005,0.963,0.0,-0.3595
7,shmee150,Automotive,22265,110,0.037000000000000005,0.963,0.0,-0.3595
8,shmee150,Automotive,13466,77,0.03,0.8959999999999999,0.075,0.4926
9,shmee150,Automotive,20223,56,0.0,0.915,0.085,0.6634
10,shmee150,Automotive,26925,192,0.142,0.78,0.078,-0.5852
11,shmee150,Automotive,44913,584,0.0,0.919,0.081,0.8856
12,shmee150,Automotive,24190,158,0.0,0.8440000000000001,0.156,0.9138
13,shmee150,Automotive,20139,71,0.0,0.7909999999999999,0.209,0.9401
14,diwd_official,Automotive,10238,72,0.0,0.8240000000000001,0.17600000000000002,0.5702
15,diwd_official,Automotive,3092,15,0.0,0.855,0.145,0.6605
16,diwd_official,Automotive,16981,302,0.5,0.5,0.0,-0.7184
17,diwd_official,Automotive,6988,36,0.0,1.0,0.0,0.0
18,diwd_official,Automotive,3408,23,0.0,1.0,0.0,0.0
19,diwd_official,Automotive,15351,102,0.0,1.0,0.0,0.0
20,diwd_official,Automotive,7589,382,0.043,0.797,0.16,0.8334
21,diwd_official,Automotive,7589,382,0.043,0.797,0.16,0.8334
22,diwd_official,Automotive,7589,382,0.043,0.797,0.16,0.8334
23,diwd_official,Automotive,7589,382,0.043,0.797,0.16,0.8334
24,diwd_official,Automotive,7985,64,0.0,1.0,0.0,0.0
25,diwd_official,Automotive,9244,48,0.0,1.0,0.0,0.0
26,diwd_official,Automotive,10220,142,0.0,1.0,0.0,0.0
27,diwd_official,Automotive,9237,86,0.185,0.815,0.0,-0.3595
28,diwd_official,Automotive,20361,299,0.067,0.8809999999999999,0.051,-0.1989
29,diwd_official,Automotive,20361,299,0.067,0.8809999999999999,0.051,-0.1989
30,thatdudeinblue,Automotive,4015,10,0.16699999999999998,0.833,0.0,-0.34
31,thatdudeinblue,Automotive,14357,100,0.0,0.904,0.096,0.6981
32,thatdudeinblue,Automotive,14357,100,0.0,0.904,0.096,0.6981
33,thatdudeinblue,Automotive,14357,100,0.0,0.904,0.096,0.6981
34,thatdudeinblue,Automotive,3987,20,0.08199999999999999,0.866,0.053,-0.3333
35,thatdudeinblue,Automotive,8833,53,0.071,0.6759999999999999,0.253,0.8201
36,thatdudeinblue,Automotive,8401,30,0.161,0.755,0.084,-0.4382
37,thatdudeinblue,Automotive,6772,31,0.17300000000000001,0.8270000000000001,0.0,-0.7411
38,thatdudeinblue,Automotive,10621,69,0.20600000000000002,0.664,0.13,-0.3453
39,thatdudeinblue,Automotive,4229,12,0.0,0.667,0.33299999999999996,0.6124
40,thatdudeinblue,Automotive,7096,51,0.0,0.722,0.278,0.4019
41,thatdudeinblue,Automotive,6596,30,0.0,0.7170000000000001,0.28300000000000003,0.8715
42,thatdudeinblue,Automotive,6596,30,0.0,0.7170000000000001,0.28300000000000003,0.8715
43,thatdudeinblue,Automotive,8808,100,0.0,0.9470000000000001,0.053,0.5229
44,thatdudeinblue,Automotive,3724,13,0.0,0.9009999999999999,0.099,0.508
45,thesmokingtire,Automotive,2767,0,0.028999999999999998,0.6759999999999999,0.295,0.9536
46,thesmokingtire,Automotive,3036,3,0.0,1.0,0.0,0.0
47,thesmokingtire,Automotive,776,6,0.026000000000000002,0.755,0.21899999999999997,0.9141
48,thesmokingtire,Automotive,6021,0,0.048,0.872,0.08,0.5853
49,thesmokingtire,Automotive,5222,111,0.27899999999999997,0.721,0.0,-0.4767
50,thesmokingtire,Automotive,7174,322,0.062,0.938,0.0,-0.4404
51,thesmokingtire,Automotive,4917,0,0.13,0.5379999999999999,0.33299999999999996,0.4376
52,thesmokingtire,Automotive,590,0,0.0,1.0,0.0,0.0
53,thesmokingtire,Automotive,6603,315,0.0,1.0,0.0,0.0
54,thesmokingtire,Automotive,4723,0,0.0,0.917,0.083,0.1139
55,thesmokingtire,Automotive,5860,0,0.0,0.907,0.09300000000000001,0.6103
56,thesmokingtire,Automotive,1504,0,0.026000000000000002,0.884,0.09,0.5767
57,hudabeauty,Beauty,100917,2518,0.026000000000000002,0.653,0.321,0.9921
58,hudabeauty,Beauty,24910,307,0.026000000000000002,0.7440000000000001,0.23,0.9416
59,hudabeauty,Beauty,24910,307,0.026000000000000002,0.7440000000000001,0.23,0.9416
60,hudabeauty,Beauty,24910,307,0.026000000000000002,0.7440000000000001,0.23,0.9416
61,hudabeauty,Beauty,24910,307,0.026000000000000002,0.7440000000000001,0.23,0.9416
62,hudabeauty,Beauty,24910,307,0.026000000000000002,0.7440000000000001,0.23,0.9416
63,hudabeauty,Beauty,25341,255,0.0,0.696,0.304,0.9764
64,hudabeauty,Beauty,25341,255,0.0,0.696,0.304,0.9764
65,hudabeauty,Beauty,25341,255,0.0,0.696,0.304,0.9764
66,hudabeauty,Beauty,20029,162,0.0,0.672,0.32799999999999996,0.9875
67,hudabeauty,Beauty,20029,162,0.0,0.672,0.32799999999999996,0.9875
68,hudabeauty,Beauty,41530,658,0.0,0.94,0.06,0.1511
69,hudabeauty,Beauty,41530,658,0.0,0.94,0.06,0.1511
70,hudabeauty,Beauty,42719,494,0.0,0.87,0.13,0.2003
71,hudabeauty,Beauty,42719,494,0.0,0.87,0.13,0.2003
72,hudabeauty,Beauty,42719,494,0.0,0.87,0.13,0.2003
73,hudabeauty,Beauty,38802,302,0.0,0.75,0.25,0.6114
74,hudabeauty,Beauty,38802,302,0.0,0.75,0.25,0.6114
75,hudabeauty,Beauty,42711,348,0.0,0.9,0.1,0.4404
76,hudabeauty,Beauty,42711,348,0.0,0.9,0.1,0.4404
77,hudabeauty,Beauty,50895,258,0.0,0.7290000000000001,0.271,0.9896
78,hudabeauty,Beauty,50895,258,0.0,0.7290000000000001,0.271,0.9896
79,hudabeauty,Beauty,50895,258,0.0,0.7290000000000001,0.271,0.9896
80,hudabeauty,Beauty,50895,258,0.0,0.7290000000000001,0.271,0.9896
81,hudabeauty,Beauty,50895,258,0.0,0.7290000000000001,0.271,0.9896
82,hudabeauty,Beauty,50895,258,0.0,0.7290000000000001,0.271,0.9896
83,hudabeauty,Beauty,50895,258,0.0,0.7290000000000001,0.271,0.9896
84,hudabeauty,Beauty,50895,258,0.0,0.7290000000000001,0.271,0.9896
85,hudabeauty,Beauty,203256,1482,0.0,0.9329999999999999,0.067,0.2003
86,hudabeauty,Beauty,77165,623,0.07400000000000001,0.74,0.18600000000000003,0.4912
87,hudabeauty,Beauty,24592,377,0.028999999999999998,0.948,0.023,-0.1027
88,hudabeauty,Beauty,24592,377,0.028999999999999998,0.948,0.023,-0.1027
89,hudabeauty,Beauty,24592,377,0.028999999999999998,0.948,0.023,-0.1027
90,jamescharles,Beauty,934457,33676,0.48100000000000004,0.519,0.0,-0.5719
91,jamescharles,Beauty,803758,25859,0.0,1.0,0.0,0.0
92,jamescharles,Beauty,1315203,135652,0.0,1.0,0.0,0.0
93,jamescharles,Beauty,1731218,109628,0.22699999999999998,0.515,0.258,0.0772
94,jamescharles,Beauty,587206,4883,0.0,1.0,0.0,0.0
95,jamescharles,Beauty,1435007,5493,0.059000000000000004,0.812,0.129,0.4389
96,jamescharles,Beauty,1024031,8717,0.0,0.6579999999999999,0.342,0.1531
97,jamescharles,Beauty,668418,4937,0.0,0.5710000000000001,0.429,0.7184
98,jamescharles,Beauty,1217503,5954,0.0,1.0,0.0,0.0
99,jamescharles,Beauty,1221324,17208,0.524,0.47600000000000003,0.0,-0.29600000000000004
100,jamescharles,Beauty,1348862,6541,0.0,1.0,0.0,0.0
101,jamescharles,Beauty,1348862,6541,0.0,1.0,0.0,0.0
102,jamescharles,Beauty,2292809,24005,0.024,0.8390000000000001,0.13699999999999998,0.8212
103,jamescharles,Beauty,2292809,24005,0.024,0.8390000000000001,0.13699999999999998,0.8212
104,rclbeauty101,Beauty,37435,827,0.0,1.0,0.0,0.0
105,rclbeauty101,Beauty,18436,610,0.0,1.0,0.0,0.0
106,rclbeauty101,Beauty,27327,919,0.0,0.904,0.096,0.37200000000000005
107,rclbeauty101,Beauty,76933,955,0.0,1.0,0.0,0.0
108,rclbeauty101,Beauty,24870,534,0.106,0.56,0.335,0.569
109,rclbeauty101,Beauty,16836,207,0.0,1.0,0.0,0.0
110,rclbeauty101,Beauty,16836,207,0.0,1.0,0.0,0.0
111,rclbeauty101,Beauty,16836,207,0.0,1.0,0.0,0.0
112,rclbeauty101,Beauty,44191,781,0.0,1.0,0.0,0.0
113,rclbeauty101,Beauty,49873,549,0.0,0.563,0.43700000000000006,0.8972
114,rclbeauty101,Beauty,30721,493,0.182,0.755,0.064,-0.892
115,rclbeauty101,Beauty,67234,1549,0.0,0.6709999999999999,0.32899999999999996,0.7479
116,rclbeauty101,Beauty,76979,1144,0.0,1.0,0.0,0.0
117,rclbeauty101,Beauty,40212,2336,0.098,0.902,0.0,-0.3595
118,glamlifeguru,Beauty,12589,165,0.0,0.59,0.41,0.8240000000000001
119,glamlifeguru,Beauty,32328,315,0.0,1.0,0.0,0.0
120,glamlifeguru,Beauty,19400,271,0.0,0.736,0.264,0.9031
121,glamlifeguru,Beauty,63758,578,0.0,1.0,0.0,0.0
122,glamlifeguru,Beauty,199013,3428,0.0,1.0,0.0,0.0
123,glamlifeguru,Beauty,226171,19592,0.0,1.0,0.0,0.0
124,glamlifeguru,Beauty,172824,35625,0.0,0.735,0.265,0.6072
125,glamlifeguru,Beauty,172824,35625,0.0,0.735,0.265,0.6072
126,glamlifeguru,Beauty,51344,1280,0.171,0.8290000000000001,0.0,-0.5432
127,glamlifeguru,Beauty,51344,1280,0.171,0.8290000000000001,0.0,-0.5432
128,glamlifeguru,Beauty,185638,897,0.0,0.588,0.41200000000000003,0.7661
129,glamlifeguru,Beauty,145141,1746,0.0,1.0,0.0,0.0
130,glamlifeguru,Beauty,92043,727,0.0,1.0,0.0,0.0
131,glamlifeguru,Beauty,26826,418,0.215,0.785,0.0,-0.7622
132,Jaclynhill,Beauty,425007,4858,0.0,0.764,0.23600000000000002,0.7142
133,Jaclynhill,Beauty,425007,4858,0.0,0.764,0.23600000000000002,0.7142
134,Jaclynhill,Beauty,139395,3257,0.0,1.0,0.0,0.0
135,Jaclynhill,Beauty,356841,7273,0.0,0.6409999999999999,0.359,0.8924
136,Jaclynhill,Beauty,212387,2239,0.0,0.499,0.501,0.9007
137,Jaclynhill,Beauty,221035,1172,0.09699999999999999,0.669,0.23399999999999999,0.6935
138,Jaclynhill,Beauty,190748,4109,0.06,0.632,0.308,0.8698
139,Jaclynhill,Beauty,190748,4109,0.06,0.632,0.308,0.8698
140,Jaclynhill,Beauty,250479,4657,0.192,0.8079999999999999,0.0,-0.6159
141,Jaclynhill,Beauty,202868,34825,0.0,0.6809999999999999,0.319,0.5792
142,Jaclynhill,Beauty,250008,3572,0.0,1.0,0.0,0.0
143,Jaclynhill,Beauty,328017,2105,0.0,0.8390000000000001,0.161,0.3204
144,Jaclynhill,Beauty,86261,1610,0.0,0.77,0.23,0.6239
145,Jaclynhill,Beauty,291459,3474,0.0,0.721,0.27899999999999997,0.9734
146,Jaclynhill,Beauty,291459,3474,0.0,0.721,0.27899999999999997,0.9734
147,garyvee,Business,24615,850,0.0,1.0,0.0,0.0
148,garyvee,Business,24615,850,0.0,1.0,0.0,0.0
149,garyvee,Business,29599,573,0.153,0.604,0.243,0.3612
150,garyvee,Business,42001,964,0.0,1.0,0.0,0.0
151,garyvee,Business,142180,1751,0.09300000000000001,0.805,0.10300000000000001,0.168
